     2.6000E-02
     2.6049E-02
     2.6099E-02
     2.6148E-02
     2.6197E-02
     2.6247E-02
     2.6296E-02
     2.6345E-02
     2.6395E-02
     2.6444E-02
     2.6493E-02
     2.6542E-02 
     2.6592E-02
     2.6641E-02
     2.6690E-02
     2.6740E-02
     2.6789E-02
     2.6838E-02
     2.6888E-02
     2.6937E-02
     2.6986E-02
     2.7036E-02
     2.7085E-02
     2.7134E-02 
     2.7184E-02
     2.7233E-02
     2.7282E-02
     2.7332E-02
     2.7381E-02
     2.7430E-02
     2.7479E-02
     2.7529E-02
     2.7578E-02
     2.7627E-02
     2.7677E-02
     2.7726E-02 
     2.7775E-02
     2.7825E-02
     2.7874E-02
     2.7923E-02
     2.7973E-02
     2.8022E-02
     2.8071E-02
